4294967294,579
4294967294,600
4294967294,599
4294967294,587
4294967294,586
4294967294,585
4294967294,584
4294967294,583
4294967294,582
4294967294,580
4294967294,588
4294967294,81
4294967294,598
4294967294,581
4294967294,597
4294967294,126
4294967294,127
4294967294,595
4294967294,120
4294967294,119
4294967294,118
4294967294,117
4294967294,116
4294967294,113
4294967294,112
4294967294,111
4294967294,110
4294967294,109
4294967294,114
4294967294,108
4294967294,107
4294967294,106
4294967294,105
4294967294,104
4294967294,103
4294967294,102
4294967294,101
4294967294,100
4294967294,99
4294967294,98
4294967294,97
4294967294,92
4294967294,91
4294967294,90
4294967294,88
4294967294,87
4294967294,86
4294967294,85
4294967294,84
4294967294,50
4294967294,35
4294967294,34
4294967294,33
4294967294,32
4294967294,31
4294967294,30
4294967294,7
4294967294,6
4294967294,8
4294967294,59
4294967294,58
4294967294,1037
4294967294,1036
4294967294,1034
4294967294,1031
4294967294,1033
4294967294,1032
4294967294,14
4294967294,13
4294967294,12
4294967278,0
4294967294,20
4294967294,19
4294967294,18
4294967294,5
4294967294,1035
4294967294,1029
4294967294,1028
4294967294,1030
4294967294,1026
4294967294,53
4294967294,52
4294967294,51
4294967294,49
4294967294,48
4294967294,47
4294967294,45
4294967294,44
4294967294,43
4294967294,42
4294967294,41
4294967294,40
4294967294,39
4294967294,38
4294967294,37
4294967294,36
4294967294,29
4294967294,28
4294967294,27
4294967294,1518
4294967294,1521
4294967294,971
4294967294,1020
4294967294,1015
4294967294,1502
4294967294,1477
4294967294,1475
4294967294,1474
4294967294,1017
4294967294,977
4294967294,972
4294967294,473
4294967294,472
4294967294,462
4294967294,460
4294967294,456
4294967294,452
4294967294,471
4294967294,469
4294967294,458
4294967294,966
4294967294,968
4294967294,987
4294967294,466
4294967294,468
4294967294,463
4294967294,1412
4294967294,442
4294967294,422
4294967294,421
4294967294,425
4294967294,412
4294967294,1417
4294967294,1415
4294967294,1408
4294967294,444
4294967294,443
4294967294,1397
4294967294,894
4294967294,893
4294967294,383
4294967294,382
4294967294,381
4243767283,0
4294967279,282
4294967279,281
4294967294,1330
4294967294,1302
4294967294,1282
4294967278,285
4294967278,276
4294967278,260
4243767290,0
4243767282,0
4294967279,192
4294967279,193
4294967279,194
4294967279,195
4294967279,196
4294967279,197
4294967279,198
4294967279,199
4294967279,200
4294967279,201
4294967279,202
4294967279,203
4294967279,204
4294967279,205
4294967279,206
4294967279,207
4294967279,208
4294967294,1221
4294967294,1266
4294967294,1279
4294967294,1225
4294967294,1252
4243767289,0
4243767281,0
4294967279,134
4294967279,135
4294967279,137
4294967279,138
4294967279,139
4294967279,141
4294967279,140
4294967279,142
4294967279,143
4294967279,144
4294967279,145
4294967279,147
4294967279,146
4294967279,148
4294967279,149
4294967279,150
4294967279,151
4294967279,152
4294967279,153
4294967279,154
4294967279,158
4294967279,155
4294967279,156
4294967279,157
4294967279,159
4294967279,161
4294967294,1187
4294967294,1210
4294967294,1213
4294967294,1196
4294967294,1205
4294967294,1202
4294967294,1198
4294967294,1209
4294967294,1214
4294967294,1212
4294967294,1208
4294967294,1206
4294967294,1204
4294967294,1203
4294967294,1200
4294967294,1197
4294967294,1195
4294967294,1184
4294967294,1175
4294967294,1171
4294967294,1163
4294967294,1155
4294967294,1154
4294967294,1153
4294967294,1152
4294967294,178
4294967294,188
4294967294,181
4294967294,184
4294967294,180
4294967294,177
4294967294,191
4294967294,175
4294967294,174
4294967294,173
4294967294,172
4294967294,171
4294967294,170
4294967294,169
4294967294,164
4294967294,189
4294967294,190
4294967294,160
4294967294,182
4294967294,176
4294967294,186
4294967294,166
